Inflation predictor : 3 layers, 85 neurons

LSTM : optimal_params = {
    'lr': 0.09903400349769692,
    'num_layers': 1,
    'hidden_dim': 32,
    'dropout_rate': 0.02061234092208354,
    'batch_size': 29
}
